
Parameters for x = -1.5 in: [107.07952213 -25.56209539   5.88033813]
Covariance matrix for x = -1.5 in: [[ 2.55939632e+01  9.13356560e-02 -4.66520072e-01]
                                    [ 9.13356560e-02  5.44280183e-02 -4.98556494e-03]
                                    [-4.66520072e-01 -4.98556494e-03  2.62454527e-02]]
R-squared for x = -1.5 in: 0.9946734899597033
Chi-squared and ndf for x = -1.5 in: 255.25616203991424 9

---------------

Parameters for x = -1.0 in: [104.92995478 -17.42017704   5.83515998]
Covariance matrix for x = -1.0 in: [[ 1.23555057e+01 -1.41194985e-02 -2.04951701e-01]
                                    [-1.41194985e-02  2.35032871e-02  2.31323701e-03]
                                    [-2.04951701e-01  2.31323701e-03  1.03629147e-02]]
R-squared for x = -1.0 in: 0.9973813188826371
Chi-squared and ndf for x = -1.0 in: 49.74760160200079 7

---------------

Parameters for x = -0.5 in: [106.22594087  -9.2656722    5.7349434 ]
Covariance matrix for x = -0.5 in: [[ 1.55484683e+01 -3.31129853e-03 -2.78324598e-01]
                                    [-3.31129853e-03  3.11778785e-02  1.70085351e-04]
                                    [-2.78324598e-01  1.70085351e-04  1.53188543e-02]]
R-squared for x = -0.5 in: 0.9983939381736737
Chi-squared and ndf for x = -0.5 in: 59.27275072869499 7


--------------

Parameters for x = 0.5 in: [103.98483462   6.63332816   5.87991102]
Covariance matrix for x = 0.5 in: [[ 2.52987953e+01 -7.56084683e-02 -4.68238003e-01]
                                   [-7.56084683e-02  5.70275779e-02  4.24979317e-03]
                                   [-4.68238003e-01  4.24979317e-03  2.71079180e-02]]
R-squared for x = 0.5 in: 0.9962348683580707
Chi-squared and ndf for x = 0.5 in: 101.7829634540077 7

-------------

Parameters for x = 1.0 in: [105.53817884  14.42162862   5.77094044]
Covariance matrix for x = 1.0 in: [[ 1.79338740e+01 -1.52889143e-02 -3.23356816e-01]
                                   [-1.52889143e-02  3.73691696e-02  8.98367492e-04]
                                   [-3.23356816e-01  8.98367492e-04  1.81383982e-02]]
R-squared for x = 1.0 in: 0.9966697315844814
Chi-squared and ndf for x = 1.0 in: 69.59443674600857 7

-------------

Parameters for x = 1.5 in: [112.56220326  22.38092595   5.77200433]
Covariance matrix for x = 1.5 in: [[ 1.12314567e+01 -1.04636455e-02 -1.87703976e-01]
                                   [-1.04636455e-02  2.06061101e-02  5.18025206e-04]
                                   [-1.87703976e-01  5.18025206e-04  9.84340572e-03]]
R-squared for x = 1.5 in: 0.9986471118947338
Chi-squared and ndf for x = 1.5 in: 52.788209979338376 9